matrix MaskedHash-1P MaskedSPA-1P MaskedSPA2A-1P MaskIndexed-1P MaskedHash-2P MaskedSPA-2P MaskedSPA2A-2P MaskIndexed-2P
2cubes_sphere 2318.24 2555.27 2730.79 2589.09 1697.35 2186.03 2097.13 1831.29
cage12 3130.68 3252.73 4513.15 3869.05 2050.57 2981.86 3306.63 2843.55
cage15 1577.92 1057.59 1594.41 1772.72 1236.21 1092.53 1329.63 1521.79
cant 6475.11 9830.56 9109.25 8161.37 4668.73 8430.34 7728.22 5701.62
conf5_4-8x8-05 15164.1 33046.5 36529.6 33296.7 13866.8 43628.5 38097.4 41303.9
consph 4435.09 5592.65 5392.71 5021.77 3540.13 5349.24 5192.96 7314.16
cop20k_A 2360.41 2442.74 2717.66 2681.22 1733.26 2125.99 2070.31 1872.06
delaunay_n24 366.072 129.461 267.294 386.154 321.218 132.116 242.413 349.262
filter3D 3190.82 3401.77 3736.18 3792.76 2381.94 3235.45 3048.5 2583.01
hood 2398.46 2680.5 2660.95 2636.66 2245.44 2753.82 2774.54 2503.28
m133-b3 1034.77 494.034 1142.49 1119.74 997.562 602.102 1268.49 1202.96
mac_econ_fwd500 4381.96 3746.52 6468.86 4893.45 3228.73 3606.91 4981.95 3783.68
majorbasis 2887.92 2089.46 3109.83 3155.65 2653.6 2435.99 3349.68 3277.15
mario002 915.38 493.411 902.691 977.171 750.962 449.804 782.997 882.456
mc2depi 3000.74 1460.06 2973.66 3460.77 2776.66 1520.9 3183.84 3570.07
mono_500Hz 1393.12 1459.34 1512.02 2511.4 1197.75 1358.45 2164.24 1778.97
offshore 2105.88 1965.82 2266.66 2361.17 1645.01 1745.34 1920.14 1755.91
patents_main 1322.99 832.938 1451.14 1388.59 1111.23 903.055 1332.6 1248.16
pdb1HYS 5342.27 7047.11 6489.43 6383.99 4186.26 6578.03 6036.42 5067.32
poisson3Da 2472.29 3245.15 2957.04 2743.51 1816.06 2444.55 2227.29 1847.69
pwtk 3687.22 4293.13 4161.9 4179.13 3140.44 4295.01 4254.03 4033.3
rma10 6481.12 9301.66 8361.59 7885.81 4490.72 7872.33 6849.49 5562.82
scircuit 1468.76 949.569 1668.47 1637.68 1141.48 944.906 1377.08 1354.38
shipsec1 3574.19 4283.58 4181.99 4128.23 3167.45 4271.12 4220.87 7109.09
