matrix MaskedHash-1P MaskedSPA-1P MaskedSPA2A-1P MaskIndexed-1P MaskedHash-2P MaskedSPA-2P MaskedSPA2A-2P MaskIndexed-2P
2cubes_sphere 1427.37 1278.61 1386 1664.35 1029.85 991.046 1025.92 1203.78
cage12 1996.85 1774.17 2118.91 2381.38 1324.56 1395.27 1485.67 1679.89
cage15 964.412 321.885 734.93 1023.77 756.048 331.465 609.967 830.096
cant 4515.51 6488.44 5581.28 5942.42 2826.6 4994.33 3781.99 3797.48
conf5_4-8x8-05 5297.6 12499.1 11180.8 11416.3 5492.74 16685.8 10950 12976.2
consph 2105.5 2498.55 2315.48 2409.48 1674.3 2303.29 1974.1 4142.27
cop20k_A 1708.27 1912.96 1923.65 2104.39 1177.03 1473.39 1402.47 1501.7
delaunay_n24 213.428 32.6058 114.484 218.76 193.148 32.2156 105.623 200.802
filter3D 2123.31 1999.35 2115.63 2550.96 1453.6 1544.09 1512.23 1758.19
hood 1165.82 1267.3 1227.74 1266.26 1017.19 1195.39 1108.81 1144.08
m133-b3 402.889 270.557 406.96 425.001 400.507 359.63 491.034 484.651
mac_econ_fwd500 2654.24 2294.21 3190.12 3338.63 1939.14 2164.6 2459.76 2660.78
majorbasis 1453.36 1562.12 1638.03 1585.11 1135.92 1463.91 1408.75 1362.38
mario002 519.154 361.119 463.502 592.165 364.865 286.373 342.91 457.378
mc2depi 1852.4 1241.45 2058.07 2356.88 1311.35 1153.83 1618.39 1983.91
mono_500Hz 689.987 670.394 1620.75 1885.62 580.679 604.984 1207.5 1310.32
offshore 1316.5 1103.68 1168.13 1495.89 904.381 788.04 796.307 1029.92
patents_main 477.675 328.383 418.942 467.571 425.789 404.087 472.262 475.55
pdb1HYS 2561.93 3322.97 2879.05 3172.8 1965.66 2956.38 2381.4 2586.74
poisson3Da 1644.75 1718.68 1826.93 1924.34 1150.99 1434.73 1389.39 1411.74
pwtk 1782.49 2026.92 1949.08 2033.34 1476.38 1890.51 1710.43 1768
rma10 4209.4 6026.94 5118.15 5650.13 2678.91 4765.91 3558.32 3825.42
scircuit 794.397 639.924 886.867 883.315 622.955 568.335 727.365 745.291
shipsec1 1746.51 1998.8 1875.59 1989.64 1414.09 1877.33 1657.89 4476.25
