matrix	MaskedHash-1P	MaskedSPA-1P	MaskedSPA2A-1P	MaskIndexed-1P	MaskedHeapv1-1P	MaskedHeapv2-1P	MaskedHash-2P	MaskedSPA-2P	MaskedSPA2A-2P	MaskIndexed-2P	MaskedHeapv1-2P	MaskedHeapv2-2P
2cubes_sphere	2318.24	2555.27	2730.79	2589.09	1681.33	1869.24	1697.35	2186.03	2097.13	1831.29	1010.55	1033.73
cage12	3130.68	3252.73	4513.15	3869.05	2227.38	2899.19	2050.57	2981.86	3306.63	2843.55	1318.68	1607.38
cage15	1577.92	1057.59	1594.41	1772.72	1345.31	1633.5	1236.21	1092.53	1329.63	1521.79	946.265	1156.21
cant	6475.11	9830.56	9109.25	8161.37	2883.74	3052.49	4668.73	8430.34	7728.22	5701.62	1609.75	1539.96
conf5_4-8x8-05	15164.1	33046.5	36529.6	33296.7	17227	24606.5	13866.8	43628.5	38097.4	41303.9	16506.4	22356.6
consph	4435.09	5592.65	5392.71	5021.77	2191.32	2217.05	3540.13	5349.24	5192.96	7314.16	1535.83	1436.63
cop20k_A	2360.41	2442.74	2717.66	2681.22	1686.19	1848.35	1733.26	2125.99	2070.31	1872.06	1000.7	981.368
delaunay_n24	366.072	129.461	267.294	386.154	350.061	360.58	321.218	132.116	242.413	349.262	291.654	301.879
filter3D	3190.82	3401.77	3736.18	3792.76	1963.75	2150.57	2381.94	3235.45	3048.5	2583.01	1131.84	1120.24
hood	2398.46	2680.5	2660.95	2636.66	1474.92	1508.44	2245.44	2753.82	2774.54	2503.28	984.596	898.852
m133-b3	1034.77	494.034	1142.49	1119.74	1156.05	1118.87	997.562	602.102	1268.49	1202.96	1001.14	1118.06
mac_econ_fwd500	4381.96	3746.52	6468.86	4893.45	3116.45	3741.83	3228.73	3606.91	4981.95	3783.68	2032.22	2926.18
majorbasis	2887.92	2089.46	3109.83	3155.65	2194.07	2517.75	2653.6	2435.99	3349.68	3277.15	1564.53	1767.26
mario002	915.38	493.411	902.691	977.171	941.89	931.21	750.962	449.804	782.997	882.456	661.442	733.669
mc2depi	3000.74	1460.06	2973.66	3460.77	2859.71	3046.85	2776.66	1520.9	3183.84	3570.07	1801.29	2404.32
mono_500Hz	1393.12	1459.34	1512.02	2511.4	1212.07	1255.12	1197.75	1358.45	2164.24	1778.97	739.567	701.225
offshore	2105.88	1965.82	2266.66	2361.17	1546.9	1729.9	1645.01	1745.34	1920.14	1755.91	1003.15	1019.92
patents_main	1322.99	832.938	1451.14	1388.59	1284.88	1284.77	1111.23	903.055	1332.6	1248.16	894.536	1088.43
pdb1HYS	5342.27	7047.11	6489.43	6383.99	2168.99	2278.18	4186.26	6578.03	6036.42	5067.32	1257	1214.97
poisson3Da	2472.29	3245.15	2957.04	2743.51	1599.42	1785.7	1816.06	2444.55	2227.29	1847.69	905.519	899.532
pwtk	3687.22	4293.13	4161.9	4179.13	2373.09	2382.69	3140.44	4295.01	4254.03	4033.3	1580.46	1487.74
rma10	6481.12	9301.66	8361.59	7885.81	2397.14	2452.24	4490.72	7872.33	6849.49	5562.82	1320.19	1244.96
scircuit	1468.76	949.569	1668.47	1637.68	1471.52	1488.56	1141.48	944.906	1377.08	1354.38	952.685	1059.44
shipsec1	3574.19	4283.58	4181.99	4128.23	2081.91	2099.95	3167.45	4271.12	4220.87	7109.09	1624	1516.45
