matrix	MaskedHash-1P	MaskedSPA-1P	MaskedSPA2A-1P	MaskIndexed-1P	MaskedHeapv1-1P	MaskedHeapv2-1P
2cubes_sphere	1427.37	1278.61	1386	1664.35	994.707	1175.2
cage12	1996.85	1774.17	2118.91	2381.38	1264.85	1723.99
cage15	964.412	321.885	734.93	1023.77	768.344	908.797
cant	4515.51	6488.44	5581.28	5942.42	1835.33	2001.79
conf5_4-8x8-05	5297.6	12499.1	11180.8	11416.3	7322.5	7898.18
consph	2105.5	2498.55	2315.48	2409.48	1211.73	1251.9
cop20k_A	1708.27	1912.96	1923.65	2104.39	1067.29	1167.17
delaunay_n24	213.428	32.6058	114.484	218.76	203.932	208.013
filter3D	2123.31	1999.35	2115.63	2550.96	1220.48	1323.86
hood	1165.82	1267.3	1227.74	1266.26	762.861	767.695
m133-b3	402.889	270.557	406.96	425.001	493.843	422.787
mac_econ_fwd500	2654.24	2294.21	3190.12	3338.63	1848.34	2272.75
majorbasis	1453.36	1562.12	1638.03	1585.11	977.802	1033.13
mario002	519.154	361.119	463.502	592.165	493.498	512.779
mc2depi	1852.4	1241.45	2058.07	2356.88	1694.73	1842.65
mono_500Hz	689.987	670.394	1620.75	1885.62	868.596	897.243
offshore	1316.5	1103.68	1168.13	1495.89	999.771	1118.61
patents_main	477.675	328.383	418.942	467.571	511.843	478.252
pdb1HYS	2561.93	3322.97	2879.05	3172.8	1168.68	1208.51
poisson3Da	1644.75	1718.68	1826.93	1924.34	952.432	1123.57
pwtk	1782.49	2026.92	1949.08	2033.34	1132.84	1152.76
rma10	4209.4	6026.94	5118.15	5650.13	1605.69	1668.04
scircuit	794.397	639.924	886.867	883.315	803.359	804.477
shipsec1	1746.51	1998.8	1875.59	1989.64	1073.91	1106.98
