matrix	MaskedHash-1P	MaskedSPA-1P	MaskedSPA2A-1P	MaskIndexed-1P	MaskedHeapv1-1P	MaskedHeapv2-1P
2cubes_sphere	2318.24	2555.27	2730.79	2589.09	1681.33	1869.24
cage12	3130.68	3252.73	4513.15	3869.05	2227.38	2899.19
cage15	1577.92	1057.59	1594.41	1772.72	1345.31	1633.5
cant	6475.11	9830.56	9109.25	8161.37	2883.74	3052.49
conf5_4-8x8-05	15164.1	33046.5	36529.6	33296.7	17227	24606.5
consph	4435.09	5592.65	5392.71	5021.77	2191.32	2217.05
cop20k_A	2360.41	2442.74	2717.66	2681.22	1686.19	1848.35
delaunay_n24	366.072	129.461	267.294	386.154	350.061	360.58
filter3D	3190.82	3401.77	3736.18	3792.76	1963.75	2150.57
hood	2398.46	2680.5	2660.95	2636.66	1474.92	1508.44
m133-b3	1034.77	494.034	1142.49	1119.74	1156.05	1118.87
mac_econ_fwd500	4381.96	3746.52	6468.86	4893.45	3116.45	3741.83
majorbasis	2887.92	2089.46	3109.83	3155.65	2194.07	2517.75
mario002	915.38	493.411	902.691	977.171	941.89	931.21
mc2depi	3000.74	1460.06	2973.66	3460.77	2859.71	3046.85
mono_500Hz	1393.12	1459.34	1512.02	2511.4	1212.07	1255.12
offshore	2105.88	1965.82	2266.66	2361.17	1546.9	1729.9
patents_main	1322.99	832.938	1451.14	1388.59	1284.88	1284.77
pdb1HYS	5342.27	7047.11	6489.43	6383.99	2168.99	2278.18
poisson3Da	2472.29	3245.15	2957.04	2743.51	1599.42	1785.7
pwtk	3687.22	4293.13	4161.9	4179.13	2373.09	2382.69
rma10	6481.12	9301.66	8361.59	7885.81	2397.14	2452.24
scircuit	1468.76	949.569	1668.47	1637.68	1471.52	1488.56
shipsec1	3574.19	4283.58	4181.99	4128.23	2081.91	2099.95
