matrix	MaskedHash-2P	MaskedSPA-2P	MaskedSPA2A-2P	MaskIndexed-2P	MaskedHeapv1-2P	MaskedHeapv2-2P
2cubes_sphere	1697.35	2186.03	2097.13	1831.29	1010.55	1033.73
cage12	2050.57	2981.86	3306.63	2843.55	1318.68	1607.38
cage15	1236.21	1092.53	1329.63	1521.79	946.265	1156.21
cant	4668.73	8430.34	7728.22	5701.62	1609.75	1539.96
conf5_4-8x8-05	13866.8	43628.5	38097.4	41303.9	16506.4	22356.6
consph	3540.13	5349.24	5192.96	7314.16	1535.83	1436.63
cop20k_A	1733.26	2125.99	2070.31	1872.06	1000.7	981.368
delaunay_n24	321.218	132.116	242.413	349.262	291.654	301.879
filter3D	2381.94	3235.45	3048.5	2583.01	1131.84	1120.24
hood	2245.44	2753.82	2774.54	2503.28	984.596	898.852
m133-b3	997.562	602.102	1268.49	1202.96	1001.14	1118.06
mac_econ_fwd500	3228.73	3606.91	4981.95	3783.68	2032.22	2926.18
majorbasis	2653.6	2435.99	3349.68	3277.15	1564.53	1767.26
mario002	750.962	449.804	782.997	882.456	661.442	733.669
mc2depi	2776.66	1520.9	3183.84	3570.07	1801.29	2404.32
mono_500Hz	1197.75	1358.45	2164.24	1778.97	739.567	701.225
offshore	1645.01	1745.34	1920.14	1755.91	1003.15	1019.92
patents_main	1111.23	903.055	1332.6	1248.16	894.536	1088.43
pdb1HYS	4186.26	6578.03	6036.42	5067.32	1257	1214.97
poisson3Da	1816.06	2444.55	2227.29	1847.69	905.519	899.532
pwtk	3140.44	4295.01	4254.03	4033.3	1580.46	1487.74
rma10	4490.72	7872.33	6849.49	5562.82	1320.19	1244.96
scircuit	1141.48	944.906	1377.08	1354.38	952.685	1059.44
shipsec1	3167.45	4271.12	4220.87	7109.09	1624	1516.45
